           precision    recall  f1-score   support
   S-NHVI     0.0000    0.0000    0.0000         1
   M-NCSP     0.8210    0.9500    0.8808       140
   E-NCSP     0.8372    0.9474    0.8889        38
   M-NHVI     0.8000    0.8276    0.8136       145
        O     0.8940    0.9506    0.9214     10261
     B-NO     0.9111    0.7593    0.8283        54
     E-NT     0.9396    0.9000    0.9194       190
     E-NO     0.8696    0.7407    0.8000        54
   S-NASI     0.0000    0.0000    0.0000         2
   M-NASI     0.9005    0.8687    0.8843      2543
   E-NHCS     0.9421    0.9509    0.9465       428
     B-NT     0.9613    0.9158    0.9380       190
   B-NCSM     0.8727    0.7742    0.8205        62
    <end>     0.0000    0.0000    0.0000       368
   E-NASI     0.8612    0.8673    0.8642       422
     B-NS     0.9320    0.8312    0.8787       231
   B-NHCS     0.9555    0.9533    0.9544       428
   B-NATS     0.8913    0.6833    0.7736        60
   B-NCGV     0.9013    0.9716    0.9352       141
   B-NASI     0.8047    0.8124    0.8085       421
   E-NCSM     0.9815    0.8548    0.9138        62
     M-NO     0.9254    0.8267    0.8732       375
   M-NHCS     0.9477    0.9410    0.9444       424
   E-NATS     0.8980    0.7333    0.8073        60
   B-NCSP     0.8605    0.9737    0.9136        38
     M-NS     0.9468    0.9264    0.9365      2650
   M-NCGV     0.9051    0.9541    0.9289       740
     E-NS     0.8848    0.8312    0.8571       231
   M-NATS     0.8125    0.7222    0.7647       180
   E-NHVI     0.7908    0.8345    0.8121       145
   M-NCSM     0.9556    0.8725    0.9121       345
   E-NCGV     0.8816    0.9504    0.9147       141
     M-NT     0.9720    0.9479    0.9598      1978
   B-NHVI     0.8092    0.8483    0.8283       145
avg/total     0.8940    0.9074    0.9000     23693

Confusion Matrix:
         S-NHVI  M-NCSP  E-NCSP  M-NHVI       O    B-NO    E-NT    E-NO  S-NASI  M-NASI  E-NHCS    B-NT  B-NCSM   <end>  E-NASI    B-NS  B-NHCS  B-NATS  B-NCGV  B-NASI  E-NCSM    M-NO  M-NHCS  E-NATS  B-NCSP    M-NS  M-NCGV    E-NS  M-NATS  E-NHVI  M-NCSM  E-NCGV    M-NT  B-NHVI
 S-NHVI       0       0       0       0       1       0       0       0       0       0       0       0       0       0       0       0       0       0       0       0       0       0       0       0       0       0       0       0       0       0       0       0       0       0
 M-NCSP       0     133       2       0       2       0       0       0       0       3       0       0       0       0       0       0       0       0       0       0       0       0       0       0       0       0       0       0       0       0       0       0       0       0
 E-NCSP       0       0      36       0       1       0       0       0       0       1       0       0       0       0       0       0       0       0       0       0       0       0       0       0       0       0       0       0       0       0       0       0       0       0
 M-NHVI       0       0       0     120       3       0       0       0       0       7       2       0       0       0       0       0       0       0       0       0       0       0      10       0       0       1       0       0       0       1       0       0       0       1
      O       0       4       0       4    9754       4      11       3       0     166      10       5       2       0      37      10       5       4       0      40       0      10       6       4       2      93       4      10      14       4       5       1      46       3
   B-NO       0       0       0       0       7      41       0       0       0       0       0       0       0       0       0       2       0       0       0       0       0       4       0       0       0       0       0       0       0       0       0       0       0       0
   E-NT       0       0       0       0      12       0     171       0       0       0       0       0       0       0       0       0       0       0       0       0       0       0       0       0       0       0       0       0       0       0       0       0       7       0
   E-NO       0       0       0       0      10       0       0      40       0       0       0       0       0       0       0       0       0       0       0       0       0       1       0       0       0       1       0       2       0       0       0       0       0       0
 S-NASI       0       0       0       0       1       0       0       0       0       0       0       0       0       0       1       0       0       0       0       0       0       0       0       0       0       0       0       0       0       0       0       0       0       0
 M-NASI       0       0       0      12     150       0       0       1       0    2209       1       0       0       0      16       0       0       0      14      28       0       3       1       0       0       6      63       1       8      13       0      15       0       2
 E-NHCS       0       0       0       0       9       0       0       0       0       1     407       0       0       0       0       0       0       0       0       0       0       0       3       0       0       0       0       0       0       8       0       0       0       0
   B-NT       0       0       0       0      15       0       0       0       0       0       0     174       0       0       0       0       0       0       0       0       0       0       0       0       0       0       0       0       0       0       0       0       1       0
 B-NCSM       0       1       0       0       3       0       0       0       0       0       0       0      48       0       0       0       0       0       1       1       0       0       0       0       3       0       0       0       0       0       2       0       0       3
  <end>       0       0       0       0     368       0       0       0       0       0       0       0       0       0       0       0       0       0       0       0       0       0       0       0       0       0       0       0       0       0       0       0       0       0
 E-NASI       0       0       0       0      45       0       0       0       0       8       2       0       0       0     366       0       0       0       0       0       0       0       0       1       0       0       0       0       0       0       0       0       0       0
   B-NS       0       0       0       0      28       0       0       0       0       0       0       0       0       0       0     192       1       0       0       0       0       1       0       0       0       6       0       0       0       0       0       0       0       3
 B-NHCS       0       0       0       0      10       0       0       0       0       1       0       0       0       0       0       0     408       1       0       0       0       0       1       0       0       0       0       0       0       0       0       0       0       7
 B-NATS       0       0       0       0      14       0       0       0       0       0       0       0       0       0       0       0       0      41       0       5       0       0       0       0       0       0       0       0       0       0       0       0       0       0
 B-NCGV       0       0       0       0       1       0       0       0       0       1       0       0       1       0       0       0       0       0     137       0       0       0       0       0       1       0       0       0       0       0       0       0       0       0
 B-NASI       0       0       0       0      37       0       0       0       0      29       0       0       0       0       0       1       1       0       0     342       0       0       0       0       0       0       0       0       1       0       0       0       0      10
 E-NCSM       0       0       3       0       4       0       0       0       0       1       0       0       0       0       0       0       0       0       0       0      53       0       0       0       0       0       0       0       0       0       0       1       0       0
   M-NO       0       0       0       0      37       0       0       2       0       0       0       0       0       0       0       0       0       0       0       0       0     310       0       0       0      26       0       0       0       0       0       0       0       0
 M-NHCS       0       0       0       8       9       0       0       0       0       1       0       0       0       0       0       0       1       0       0       0       0       0     399       0       0       0       0       0       6       0       0       0       0       0
 E-NATS       0       0       0       0      12       0       0       0       0       0       0       0       0       0       4       0       0       0       0       0       0       0       0      44       0       0       0       0       0       0       0       0       0       0
 B-NCSP       0       0       0       0       0       0       0       0       0       1       0       0       0       0       0       0       0       0       0       0       0       0       0       0      37       0       0       0       0       0       0       0       0       0
   M-NS       0       0       0       3     162       0       0       0       0       4       1       0       0       0       0       1       1       0       0       1       0       6       1       0       0    2455       0      12       0       3       0       0       0       0
 M-NCGV       0       8       0       0      15       0       0       0       0       3       0       0       0       0       0       0       0       0       0       0       0       0       0       0       0       0     706       0       0       0       7       1       0       0
   E-NS       0       0       0       0      32       0       0       0       0       0       0       0       0       0       1       0       0       0       0       1       0       0       0       0       0       4       0     192       1       0       0       0       0       0
 M-NATS       0       0       0       0      40       0       0       0       0      10       0       0       0       0       0       0       0       0       0       0       0       0       0       0       0       0       0       0     130       0       0       0       0       0
 E-NHVI       0       0       0       0       8       0       0       0       0       6       9       0       0       0       0       0       0       0       0       0       0       0       0       0       0       1       0       0       0     121       0       0       0       0
 M-NCSM       0      16       0       3      11       0       0       0       0       0       0       0       4       0       0       0       0       0       0       0       1       0       0       0       0       0       6       0       0       3     301       0       0       0
 E-NCGV       0       0       2       0       3       0       0       0       0       1       0       0       0       0       0       0       0       0       0       0       0       0       0       0       0       0       1       0       0       0       0     134       0       0
   M-NT       0       0       0       0     101       0       0       0       0       0       0       2       0       0       0       0       0       0       0       0       0       0       0       0       0       0       0       0       0       0       0       0    1875       0
 B-NHVI       0       0       0       0       5       0       0       0       0       0       0       0       0       0       0       0      10       0       0       7       0       0       0       0       0       0       0       0       0       0       0       0       0     123